AFA,AFE,AFO,AFS,AMG,CAR,CF1,CF2,CF3,CFO,CPS,GCC,GLI,IBL,LIN,LIP,MAC,MON,NTI,OTR,OXA,Otros,PEN,POL,QUI,SUL,TMS,TTC,horas_VM,contMask,numberOfPatients,numberOfPatientsMR,neighbor_CAR,neighbor_IBL,neighbor_AFO,neighbor_OXA,neighbor_QUI,neighbor_PEN,neighbor_AFA,neighbor_CF3,neighbor_GLI,neighbor_CPS,neighbor_TMS,neighbor_LIN,neighbor_NTI,neighbor_MAC,neighbor_OTR,neighbor_AMG,neighbor_AFE,neighbor_POL,neighbor_CF1,neighbor_GCC,neighbor_LIP,neighbor_AFS,neighbor_MON,neighbor_CFO,neighbor_Otros,neighbor_TTC,neighbor_CF2,neighbor_SUL,cambio_postural,insulina,nutr_art,sedacion,relajacion,n_transf,farm_vasoactivos,dosis_nems,hoursTraqueo,hoursConUlcera,hoursConHemo,C01 VC acceso periférico 1,C01 VC acceso periférico 2,C02 Vía central - YD,C02 Vía central - SD,C02 Vía central - SI,C02 Vía central - FD,C02 Vía central - YI,C02 Vía central - FI,numberOfCatheters,pc_acinet,pc_enteroc,pc_pseud,pc_staph,pc_no_germ
0.0,0.04484732824427484,0.05820610687022909,0.043893129770992356,0.06679389312977102,0.22614503816793896,0.07633587786259544,0.040076335877862634,0.12309160305343514,0.03912213740458015,0.055343511450381744,0.041984732824427495,0.0830152671755725,0.20610687022900764,0.05820610687022909,0.04484732824427484,0.0467557251908397,0.0524809160305344,0.07538167938931306,0.04580152671755733,0.10591603053435117,0.040076335877862634,0.13167938931297718,0.04484732824427484,0.1669847328244275,0.03912213740458015,0.048664122137404564,0.041984732824427495,0.1485697931563854,0.32036446203100033,0.45617502726281356,0.34767811704834617,0.32542938931297705,0.35586832061068696,0.22479325699745556,0.2625636132315522,0.348027989821883,0.26437659033078875,0.30178117048346054,0.2618479643765903,0.23716603053435115,0.20149491094147598,0.15235368956743012,0.12166030534351147,0.16523536895674296,0.1081424936386769,0.10353053435114512,0.15903307888040719,0.10782442748091603,0.0677480916030535,0.08921755725190839,0.07649491094147587,0.09001272264631044,0.05772900763358779,0.06488549618320616,0.04293893129770998,0.05152671755725191,0.05343511450381688,0.04961832061068705,0.04484732824427484,0.12690839694656497,0.21469465648854968,0.057251908396946605,0.29007633587786263,0.0524809160305344,0.19359540866396574,0.2194656488549619,0.5636958102111844,0.04444096701209277,0.044711450398287056,0.04166513587724796,0.11091898635375375,0.042952164159556716,0.09035417827481185,0.06848921807262032,0.05104988043824532,0.042778799197566886,0.05120973260574713,0.040076335877862634,0.09955470737913485,0.05438931297709926,0.15458015267175573,0.19465648854961837,0.19751908396946571,0.8501908396946565
0.04484732824427484,0.0,0.028625954198473358,0.012404580152671763,0.03912213740458015,0.22328244274809161,0.04484732824427484,0.00858778625954204,0.09541984732824427,0.007633587786259555,0.029580152671755733,0.010496183206106902,0.0629770992366413,0.18988549618320616,0.028625954198473358,0.011450381679389388,0.01717557251908397,0.019083969465648942,0.04961832061068705,0.014312977099236734,0.0782442748091603,0.010496183206106902,0.10400763358778631,0.011450381679389388,0.150763358778626,0.007633587786259555,0.01717557251908397,0.012404580152671763,0.12676818987260274,0.3094838812473597,0.4567793529625591,0.3368638676844784,0.31763676844783706,0.3376749363867684,0.21286577608142498,0.2504770992366413,0.34150763358778613,0.2462468193384224,0.2893765903307888,0.25166984732824427,0.21521946564885497,0.17668575063613245,0.12659033078880422,0.09685114503816794,0.1366094147582697,0.07951653944020365,0.07776717557251911,0.13326972010178129,0.08396946564885499,0.043893129770992356,0.06345419847328249,0.05263994910941472,0.06615776081424929,0.035782442748091614,0.04103053435114512,0.011450381679389388,0.020038167938931317,0.02385496183206115,0.018129770992366456,0.013358778625954248,0.10114503816793896,0.1984732824427481,0.031488549618320594,0.27958015267175573,0.020992366412213803,0.1736844671881388,0.21087786259541985,0.5765928546372283,0.015180885959370172,0.013773420065266162,0.012841773226512254,0.08449346499071242,0.011463614541236122,0.06834661889869331,0.04108418854270546,0.021417690281696822,0.014231919779981284,0.020196421031955625,0.00858778625954204,0.08174300254452938,0.022900763358778664,0.14408396946564894,0.17843511450381677,0.1774809160305344,0.8854961832061069
0.05820610687022909,0.028625954198473358,0.0,0.02385496183206115,0.0524809160305344,0.23664122137404586,0.06011450381679395,0.02385496183206115,0.11068702290076338,0.022900763358778664,0.04103053435114512,0.02576335877862601,0.08015267175572527,0.19942748091603058,0.043893129770992356,0.028625954198473358,0.03053435114503822,0.03053435114503822,0.0629770992366413,0.029580152671755733,0.09541984732824427,0.02576335877862601,0.11736641221374045,0.024809160305343525,0.15839694656488557,0.022900763358778664,0.03053435114503822,0.027671755725190872,0.140126968498557,0.3089344565698159,0.4639312977099237,0.3516539440203562,0.32609732824427484,0.3426367684478371,0.23004134860050895,0.2580470737913486,0.3524809160305342,0.2541984732824427,0.2998727735368957,0.26534669211195927,0.2238072519083969,0.1900445292620866,0.13994910941475835,0.11020992366412219,0.15378498727735368,0.09860050890585248,0.09303435114503822,0.1428117048346057,0.0992366412213741,0.059160305343511466,0.08062977099236646,0.06790712468193383,0.07951653944020354,0.05009541984732824,0.05629770992366412,0.026717557251908386,0.03530534351145043,0.03721374045801529,0.031488549618320594,0.028625954198473358,0.10877862595419852,0.1984732824427481,0.04293893129770998,0.2814885496183206,0.03625954198473291,0.19086003970722276,0.21660305343511455,0.5727186780767946,0.03044806153188917,0.02904059563778516,0.028108948799031364,0.09383372528600531,0.02673079011375512,0.08069620909530006,0.050488524873156804,0.037438203212627585,0.02759069840593542,0.03437930003939904,0.02385496183206115,0.0903307888040713,0.03625954198473291,0.14790076335877866,0.1879770992366413,0.18129770992366412,0.8759541984732825
0.043893129770992356,0.012404580152671763,0.02385496183206115,0.0,0.03625954198473291,0.22805343511450382,0.041984732824427495,0.005725190839694694,0.09255725190839703,0.004770992366412208,0.022900763358778664,0.007633587786259555,0.05820610687022909,0.1870229007633588,0.02385496183206115,0.010496183206106902,0.014312977099236734,0.018129770992366456,0.04484732824427484,0.011450381679389388,0.08492366412213748,0.007633587786259555,0.10114503816793896,0.010496183206106902,0.14790076335877866,0.004770992366412208,0.016221374045801595,0.009541984732824416,0.12199719750619054,0.30694221890727946,0.45709741912031987,0.34449745547073796,0.31859096692111954,0.33385814249363854,0.2119115776081426,0.2520674300254453,0.3397582697201017,0.24433842239185743,0.2884223918575064,0.25357824427480924,0.2075858778625954,0.17859414758269732,0.12563613231552173,0.09589694656488557,0.1375636132315522,0.08047073791348602,0.07490458015267176,0.13040712468193394,0.0830152671755725,0.03912213740458015,0.0625,0.04977735368956748,0.06329516539440205,0.03291984732824427,0.038167938931297773,0.00858778625954204,0.01717557251908397,0.020992366412213803,0.01526717557251911,0.010496183206106902,0.09828244274809161,0.19179389312977102,0.03244274809160308,0.2805343511450382,0.018129770992366456,0.17750126108126862,0.20992366412213748,0.5771220688222087,0.012318290539522825,0.010910824645418815,0.009979177806664907,0.0840159684785774,0.008601019121388775,0.0640918434887413,0.03679435959161692,0.020292300189628576,0.012244448052528667,0.017333825612108278,0.005725190839694694,0.07951653944020354,0.020038167938931317,0.13931297709923662,0.1774809160305344,0.17461832061068705,0.8864503816793893
0.06679389312977102,0.03912213740458015,0.0524809160305344,0.03625954198473291,0.0,0.2395038167938932,0.06870229007633588,0.03244274809160308,0.11545801526717558,0.031488549618320594,0.04961832061068705,0.03053435114503822,0.08110687022900764,0.20992366412213748,0.050572519083969536,0.03530534351145043,0.04103053435114512,0.04103053435114512,0.06202290076335881,0.038167938931297773,0.109732824427481,0.03435114503816794,0.11641221374045807,0.03530534351145043,0.1669847328244275,0.031488549618320594,0.04293893129770998,0.03625954198473291,0.1449117545503822,0.3145148509644625,0.4524854598327881,0.3473600508905852,0.3243161577608141,0.34753498727735377,0.2281329516539441,0.26860687022900764,0.34421119592875327,0.25865139949109417,0.29866412213740456,0.2577131043256997,0.22666984732824424,0.19576972010178129,0.13613231552162852,0.11879770992366412,0.15569338422391854,0.10527989821882955,0.09589694656488557,0.14567430025445305,0.10877862595419852,0.06583969465648853,0.08730916030534353,0.07267811704834604,0.08810432569974547,0.05772900763358779,0.0629770992366413,0.03530534351145043,0.043893129770992356,0.04770992366412219,0.041984732824427495,0.03721374045801529,0.12118320610687028,0.208969465648855,0.057251908396946605,0.2767175572519084,0.04484732824427484,0.18405342393114132,0.21755725190839703,0.5647261825477992,0.03903584779143121,0.0376283818973272,0.036696735058573404,0.10605822519458086,0.034939347027964196,0.08648141782671481,0.06208519202638063,0.043710181674288195,0.03896200530443705,0.044051382864016775,0.03244274809160308,0.09669211195928751,0.04484732824427484,0.15267175572519087,0.1927480916030535,0.19751908396946571,0.8597328244274809
0.22614503816793896,0.22328244274809161,0.23664122137404586,0.22805343511450382,0.2395038167938932,0.0,0.26240458015267176,0.22805343511450382,0.3129770992366413,0.22709923664122145,0.24713740458015265,0.22996183206106868,0.22519083969465647,0.3845419847328244,0.23282442748091603,0.22519083969465647,0.23282442748091603,0.24045801526717558,0.2614503816793894,0.23377862595419852,0.20229007633587792,0.22996183206106868,0.3177480916030535,0.23091603053435117,0.33206106870229013,0.22709923664122145,0.22519083969465647,0.22805343511450382,0.2821641245311771,0.4070320594533534,0.4628680479825519,0.4044529262086515,0.37501590330788803,0.40300572519083966,0.3389790076335878,0.35171755725190834,0.41758905852417305,0.35311704834605595,0.38161577608142505,0.36283396946564883,0.34142811704834597,0.30852417302798985,0.30025445292620867,0.2666984732824428,0.2892811704834606,0.2751272264631044,0.2724236641221375,0.28912213740458015,0.2595419847328244,0.24809160305343514,0.24666030534351147,0.24729643765903309,0.24554707379134855,0.2399809160305344,0.24332061068702293,0.23091603053435117,0.23568702290076338,0.23568702290076338,0.23187022900763365,0.2290076335877863,0.2767175572519084,0.333969465648855,0.23759541984732824,0.35209923664122145,0.23854961832061072,0.3118059195271484,0.29293893129771,0.5551871944468202,0.23412046179778545,0.2291956802517766,0.2247726201506436,0.26352769752338145,0.22907667992215552,0.25806818907217,0.24174646443047143,0.23406480041124178,0.22985139168141877,0.22649993709507332,0.22614503816793896,0.27131043256997456,0.23854961832061072,0.26812977099236646,0.31011450381679395,0.33587786259541985,0.7022900763358779
0.07633587786259544,0.04484732824427484,0.06011450381679395,0.041984732824427495,0.06870229007633588,0.26240458015267176,0.0,0.038167938931297773,0.12309160305343514,0.03721374045801529,0.059160305343511466,0.040076335877862634,0.09446564885496189,0.21564885496183206,0.05820610687022909,0.04293893129770998,0.0467557251908397,0.050572519083969536,0.05438931297709926,0.043893129770992356,0.11927480916030542,0.040076335877862634,0.1297709923664122,0.04293893129770998,0.18034351145038174,0.03721374045801529,0.048664122137404564,0.041984732824427495,0.14504247556853733,0.2993353333075829,0.45805161759360224,0.3516539440203562,0.33163167938931293,0.34546755725190836,0.2208174300254454,0.25652035623409664,0.35152671755725184,0.2615139949109414,0.3084605597964377,0.269163486005089,0.23525763358778629,0.20149491094147598,0.14726463104325693,0.12356870229007633,0.16618956743002544,0.10432569974554717,0.09780534351145043,0.15712468193384233,0.10400763358778631,0.07156488549618323,0.09112595419847336,0.07840330788804073,0.09382951653944016,0.061545801526717625,0.06870229007633588,0.04103053435114512,0.04580152671755733,0.04961832061068705,0.04770992366412219,0.04293893129770998,0.12690839694656497,0.21087786259541985,0.0629770992366413,0.29389312977099236,0.050572519083969536,0.1781964628260886,0.22328244274809161,0.5754465851863624,0.044761038631125905,0.043353572737021895,0.04242192589826799,0.11302747285457981,0.041043767212991855,0.09355067748734947,0.06834085895054542,0.05151727707708609,0.04468719614413175,0.04862202129495918,0.038167938931297773,0.11005089058524165,0.050572519083969536,0.1622137404580153,0.1984732824427481,0.19179389312977102,0.857824427480916
0.040076335877862634,0.00858778625954204,0.02385496183206115,0.005725190839694694,0.03244274809160308,0.22805343511450382,0.038167938931297773,0.0,0.0887404580152672,0.000954198473282486,0.022900763358778664,0.003816793893129833,0.05820610687022909,0.18511450381679395,0.021946564885496178,0.00667938931297718,0.010496183206106902,0.014312977099236734,0.04103053435114512,0.007633587786259555,0.08492366412213748,0.003816793893129833,0.09732824427480924,0.00667938931297718,0.14408396946564894,0.000954198473282486,0.012404580152671763,0.003816793893129833,0.12008880055962567,0.3055277858189448,0.45786077789894586,0.3406806615776081,0.3166825699745546,0.33481234096692103,0.21000318066157764,0.24825063613231546,0.34007633587786246,0.24243002544529257,0.2874681933842239,0.2497614503816794,0.2085400763358779,0.17477735368956748,0.12181933842239201,0.09208015267175573,0.13374681933842236,0.0766539440203563,0.07108778625954204,0.12849872773536908,0.07919847328244278,0.03721374045801529,0.05868320610687028,0.04596055979643765,0.05947837150127222,0.029103053435114545,0.03435114503816794,0.004770992366412208,0.013358778625954248,0.01717557251908397,0.011450381679389388,0.00667938931297718,0.09637404580152675,0.19179389312977102,0.028625954198473358,0.27862595419847336,0.014312977099236734,0.17559286413470365,0.20610687022900764,0.5747965331615259,0.008501496646392992,0.007094030752288982,0.0061623839135351854,0.08019917458544767,0.004784225228258943,0.06166722958571624,0.03440479922972828,0.016475506296498854,0.008427654159398945,0.013517031718978556,0.001908396946564972,0.0756997455470737,0.016221374045801595,0.13740458015267176,0.1774809160305344,0.17080152671755733,0.8864503816793893
0.12309160305343514,0.09541984732824427,0.11068702290076338,0.09255725190839703,0.11545801526717558,0.3129770992366413,0.12309160305343514,0.0887404580152672,0.0,0.08778625954198482,0.10782442748091603,0.09064885496183206,0.13358778625954204,0.2700381679389313,0.10877862595419852,0.0935114503816794,0.0935114503816794,0.0992366412213741,0.12213740458015265,0.09446564885496189,0.16984732824427484,0.09064885496183206,0.16507633587786263,0.0935114503816794,0.15839694656488557,0.08778625954198482,0.0992366412213741,0.09064885496183206,0.18786218886659278,0.3477236043410167,0.46002362777171935,0.37073791348600504,0.34419529262086523,0.35755407124681937,0.27202608142493645,0.2954516539440203,0.3772264631043257,0.29586513994910935,0.3299300254452926,0.3000159033078881,0.2579039440203562,0.23393765903307895,0.1758905852417303,0.16364503816793896,0.19767811704834604,0.14726463104325704,0.14265267175572527,0.19815521628498733,0.14694656488549618,0.12213740458015265,0.1302480916030535,0.1302480916030535,0.138676844783715,0.11402671755725191,0.11927480916030542,0.08969465648854968,0.09828244274809161,0.10209923664122145,0.09446564885496189,0.08969465648854968,0.1622137404580153,0.23664122137404586,0.11354961832061072,0.29484732824427484,0.09732824427480924,0.24397708805327878,0.25858778625954204,0.5419355522705742,0.09342516076853047,0.09392609182099132,0.09299444498223752,0.1459318197986339,0.08970788935039642,0.13912073131581848,0.1131617105829339,0.10330756736520119,0.09442558296958592,0.09979389063896738,0.0887404580152672,0.14153944020356235,0.10114503816793896,0.21087786259541985,0.2395038167938932,0.2137404580152672,0.816793893129771
0.03912213740458015,0.007633587786259555,0.022900763358778664,0.004770992366412208,0.031488549618320594,0.22709923664122145,0.03721374045801529,0.000954198473282486,0.08778625954198482,0.0,0.021946564885496178,0.002862595419847347,0.057251908396946605,0.18416030534351147,0.020992366412213803,0.005725190839694694,0.009541984732824416,0.013358778625954248,0.041984732824427495,0.00667938931297718,0.08396946564885499,0.002862595419847347,0.09637404580152675,0.005725190839694694,0.14312977099236646,,0.011450381679389388,0.004770992366412208,,,,,,,,,,,,,,,,,,,,,,,,,,,,,,,,,0.09541984732824427,0.19083969465648853,0.027671755725190872,0.27767175572519087,,,0.20515267175572527,,,,,,,,,,,,,,0.01526717557251911,0.1364503816793894,0.1765267175572519,0.16984732824427484,0.8874045801526718
0.055343511450381744,0.029580152671755733,0.04103053435114512,0.022900763358778664,0.04961832061068705,0.24713740458015265,0.059160305343511466,0.022900763358778664,0.10782442748091603,0.021946564885496178,0.0,0.024809160305343525,0.06965648854961837,0.20610687022900764,0.03721374045801529,0.02576335877862601,0.031488549618320594,0.03530534351145043,0.05629770992366412,0.026717557251908386,0.10209923664122145,0.024809160305343525,0.11450381679389321,0.027671755725190872,0.15744274809160308,0.021946564885496178,0.031488549618320594,0.026717557251908386,0.13353037582543115,0.3030203753909245,0.4581152308251545,0.3530852417302799,0.3252703562340966,0.34435432569974544,0.2224077608142494,0.25874681933842236,0.34007633587786246,0.25483460559796434,0.2989185750636132,0.26884541984732824,0.21712786259541983,0.1906806615776082,0.13899491094147598,0.10734732824427484,0.14901399491094147,0.09669211195928762,0.09017175572519087,0.13994910941475835,0.09637404580152675,0.05438931297709926,0.07776717557251911,0.06695292620865145,0.08047073791348602,0.05009541984732824,0.05343511450381688,0.02576335877862601,0.03435114503816794,0.03625954198473291,0.03244274809160308,0.027671755725190872,0.11164122137404586,0.19751908396946571,0.04961832061068705,0.2881679389312978,0.03530534351145043,0.1873613119718538,0.21755725190839703,0.5676081305661256,0.028389383662462797,0.028086397164502785,0.027154750325748878,0.09305468616025869,0.024763497051271677,0.07444217585815771,0.05163764166095397,0.03680161909906021,0.029420020571612637,0.03450939813119236,0.022900763358778664,0.09096692111959281,0.03721374045801529,0.14694656488549618,0.19465648854961837,0.17461832061068705,0.8673664122137404
0.041984732824427495,0.010496183206106902,0.02576335877862601,0.007633587786259555,0.03053435114503822,0.22996183206106868,0.040076335877862634,0.003816793893129833,0.09064885496183206,0.002862595419847347,0.024809160305343525,0.0,0.06011450381679395,0.1870229007633588,0.02385496183206115,0.00858778625954204,0.012404580152671763,0.016221374045801595,0.04293893129770998,0.009541984732824416,0.08492366412213748,0.005725190839694694,0.0992366412213741,0.00858778625954204,0.1459923664122138,0.002862595419847347,0.014312977099236734,0.007633587786259555,0.12199719750619054,0.3074096161193838,0.45515721555797883,0.34131679389312974,0.3150922391857507,0.3357665394402035,0.20809478371501278,0.24825063613231546,0.3372137404580151,0.24433842239185743,0.28874045801526727,0.2497614503816794,0.21044847328244276,0.17477735368956748,0.12372773536895687,0.0939885496183206,0.13374681933842236,0.07856234096692116,0.07108778625954204,0.13040712468193394,0.08015267175572527,0.03912213740458015,0.06059160305343514,0.04405216284987279,0.05947837150127222,0.031011450381679406,0.03625954198473291,0.00667938931297718,0.01526717557251911,0.019083969465648942,0.013358778625954248,0.00858778625954204,0.09828244274809161,0.19370229007633588,0.03053435114503822,0.2805343511450382,0.016221374045801595,0.17750126108126862,0.2080152671755725,0.5728881362149609,0.010409893592957964,0.009002427698853954,0.008070780860100046,0.08044010969995152,0.0066926221748239145,0.0635756265322811,0.03631319617629325,0.017545887269074467,0.010336051105963806,0.015425428665543417,0.003816793893129833,0.07379134860050884,0.018129770992366456,0.13931297709923662,0.17938931297709926,0.16889312977099236,0.8845419847328244
0.0830152671755725,0.0629770992366413,0.08015267175572527,0.05820610687022909,0.08110687022900764,0.22519083969465647,0.09446564885496189,0.05820610687022909,0.13358778625954204,0.057251908396946605,0.06965648854961837,0.06011450381679395,0.0,0.208969465648855,0.07633587786259544,0.06106870229007633,0.06488549618320616,0.07061068702290085,0.09541984732824427,0.06393129770992367,0.13358778625954204,0.06011450381679395,0.1459923664122138,0.0629770992366413,0.1927480916030535,0.057251908396946605,0.06870229007633588,0.06202290076335881,0.15522248092906898,0.32878498070082995,0.45738367866230467,0.35435750636132324,0.34276399491094156,0.3449904580152672,0.2434001272264632,0.29277989821882944,0.3570928753180662,0.26914758269720096,0.30750636132315523,0.28125,0.22969147582697202,0.20403944020356246,0.16571246819338437,0.13692748091603058,0.16714376590330793,0.13295165394402042,0.12738549618320616,0.1638040712468194,0.12786259541984735,0.08206106870229013,0.09971374045801529,0.09653307888040707,0.11386768447837148,0.08540076335877866,0.0830152671755725,0.06106870229007633,0.0677480916030535,0.07347328244274809,0.0677480916030535,0.06106870229007633,0.1354961832061069,0.2290076335877863,0.0830152671755725,0.2910305343511451,0.07061068702290085,0.20186512876574692,0.23377862595419852,0.5505843791787404,0.06447913495102409,0.06085015941816185,0.062460093837199304,0.1242817208089575,0.06013358951086745,0.10837798401047927,0.0777202955506392,0.07047576597881833,0.06281696713649809,0.06854952306051099,0.05820610687022909,0.11386768447837148,0.06870229007633588,0.16889312977099236,0.20133587786259544,0.20419847328244278,0.83206106870229
0.20610687022900764,0.18988549618320616,0.19942748091603058,0.1870229007633588,0.20992366412213748,0.3845419847328244,0.21564885496183206,0.18511450381679395,0.2700381679389313,0.18416030534351147,0.20610687022900764,0.1870229007633588,0.208969465648855,0.0,0.19751908396946571,0.1879770992366413,0.18988549618320616,0.19751908396946571,0.22232824427480924,0.18893129770992367,0.2242366412213741,0.18511450381679395,0.2748091603053435,0.1879770992366413,0.30438931297709926,0.18416030534351147,0.19370229007633588,0.18893129770992367,0.24583833624594098,0.3829115138268361,0.4690067248273355,0.4116094147582696,0.38888358778625953,0.37959605597964374,0.31353371501272276,0.3408078880407126,0.3822837150127225,0.3318066157760815,0.35114503816793896,0.31560114503816794,0.3206265903307888,0.29277989821882955,0.27449109414758277,0.2514312977099237,0.2606552162849872,0.22773536895674296,0.22853053435114512,0.26653944020356235,0.23377862595419852,0.19751908396946571,0.22280534351145043,0.21962468193384221,0.22232824427480924,0.20467557251908397,0.1984732824427481,0.1879770992366413,0.18893129770992367,0.19465648854961837,0.19465648854961837,0.1879770992366413,0.2395038167938932,0.31583969465648853,0.19656488549618323,0.33206106870229013,0.19370229007633588,0.2807534875443728,0.28435114503816794,0.5316200263760625,0.18789080962349225,0.18607645642855075,0.18817574269216109,0.2389694053853635,0.18753903431000984,0.2152526478073612,0.19907420762013917,0.19416183249489283,0.1860801174774549,0.18953727376277474,0.18511450381679395,0.21978371501272265,0.19370229007633588,0.25381679389312983,0.2709923664122138,0.27767175572519087,0.726145038167939
0.05820610687022909,0.028625954198473358,0.043893129770992356,0.02385496183206115,0.050572519083969536,0.23282442748091603,0.05820610687022909,0.021946564885496178,0.10877862595419852,0.020992366412213803,0.03721374045801529,0.02385496183206115,0.07633587786259544,0.19751908396946571,0.0,0.026717557251908386,0.03053435114503822,0.03435114503816794,0.0629770992366413,0.027671755725190872,0.09541984732824427,0.02385496183206115,0.11164122137404586,0.026717557251908386,0.15267175572519087,0.020992366412213803,0.03053435114503822,0.02576335877862601,0.13072536893431852,0.31361271970271054,0.45420301708469646,0.3473600508905852,0.31922709923664117,0.3319497455470737,0.21859096692111968,0.25015903307888043,0.34484732824427466,0.2529262086513995,0.2893765903307888,0.26216603053435117,0.21521946564885497,0.18781806615776087,0.13613231552162863,0.10639312977099236,0.14042620865139954,0.096055979643766,0.08921755725190839,0.14185750636132322,0.09446564885496189,0.05343511450381688,0.07681297709923662,0.06504452926208648,0.07760814249363868,0.047232824427481,0.050572519083969536,0.024809160305343525,0.033396946564885566,0.03721374045801529,0.031488549618320594,0.026717557251908386,0.10687022900763365,0.20419847328244278,0.048664122137404564,0.27958015267175573,0.03435114503816794,0.1937226351270701,0.2127862595419847,0.5674860834991512,0.02853966458532431,0.0271321986912203,0.026200551852466503,0.09468597700413672,0.02380929857798919,0.07952836190025248,0.053015733637418405,0.036216316004557436,0.02846582209833015,0.03342334611553466,0.021946564885496178,0.09382951653944016,0.03435114503816794,0.15362595419847336,0.18606870229007633,0.17938931297709926,0.866412213740458
0.04484732824427484,0.011450381679389388,0.028625954198473358,0.010496183206106902,0.03530534351145043,0.22519083969465647,0.04293893129770998,0.00667938931297718,0.0935114503816794,0.005725190839694694,0.02576335877862601,0.00858778625954204,0.06106870229007633,0.1879770992366413,0.026717557251908386,0.0,0.01526717557251911,0.019083969465648942,0.04770992366412219,0.012404580152671763,0.08778625954198482,0.00858778625954204,0.10209923664122145,0.009541984732824416,0.14885496183206115,0.005725190839694694,0.01717557251908397,0.010496183206106902,0.12295139597947302,0.30540237046954133,0.4613595056343147,0.33972646310432575,0.31763676844783706,0.33958333333333324,0.21477417302798985,0.2504770992366413,0.34484732824427466,0.2462468193384224,0.29128498727735375,0.2554866412213741,0.2133110687022901,0.1795483460559798,0.12468193384223925,0.09494274809160308,0.13851781170483457,0.08142493638676851,0.07585877862595425,0.13326972010178129,0.08206106870229013,0.041984732824427495,0.06345419847328249,0.05073155216284986,0.06424936386768443,0.03387404580152675,0.03912213740458015,0.009541984732824416,0.018129770992366456,0.021946564885496178,0.016221374045801595,0.011450381679389388,0.10114503816793896,0.19656488549618323,0.033396946564885566,0.2814885496183206,0.019083969465648942,0.17781932723902938,0.21087786259541985,0.579507888123358,0.01327248901280531,0.01186502311870119,0.010933376279947393,0.08306177000529502,0.00955521759467115,0.06643822195212845,0.039175791596140486,0.020644311755542044,0.013198646525811153,0.018288024085390764,0.00667938931297718,0.08047073791348602,0.020992366412213803,0.14217557251908397,0.18034351145038174,0.17557251908396954,0.8893129770992366
0.0467557251908397,0.01717557251908397,0.03053435114503822,0.014312977099236734,0.04103053435114512,0.23282442748091603,0.0467557251908397,0.010496183206106902,0.0935114503816794,0.009541984732824416,0.031488549618320594,0.012404580152671763,0.06488549618320616,0.18988549618320616,0.03053435114503822,0.01526717557251911,0.0,0.022900763358778664,0.05152671755725191,0.016221374045801595,0.09160305343511455,0.012404580152671763,0.10400763358778631,0.01526717557251911,0.14885496183206115,0.009541984732824416,0.020992366412213803,0.014312977099236734,0.12485979292603788,0.3042284102802494,0.4593874954561977,0.3483142493638677,0.32240776081424927,0.3405375318066157,0.21477417302798985,0.2520674300254453,0.3391221374045801,0.24815521628498727,0.29287531806615774,0.25214694656488557,0.2136927480916031,0.1795483460559798,0.12150127226463103,0.09875954198473291,0.13851781170483457,0.08428753180661586,0.07967557251908397,0.137086513994911,0.08396946564885499,0.04580152671755733,0.06727099236641221,0.05454834605597969,0.06615776081424929,0.035782442748091614,0.03912213740458015,0.013358778625954248,0.021946564885496178,0.02576335877862601,0.020038167938931317,0.013358778625954248,0.10114503816793896,0.19465648854961837,0.03721374045801529,0.2814885496183206,0.022900763358778664,0.18036385650111597,0.20706106870229013,0.5689589895701954,0.017089282905935033,0.015681817011831023,0.014750170173077226,0.08059075637198476,0.013372011487800983,0.06952194059549166,0.04108418854270546,0.025063292556040895,0.017015440418940875,0.020744024933567307,0.010496183206106902,0.07665394402035619,0.024809160305343525,0.1459923664122138,0.18416030534351147,0.17557251908396954,0.8797709923664122
0.0524809160305344,0.019083969465648942,0.03053435114503822,0.018129770992366456,0.04103053435114512,0.24045801526717558,0.050572519083969536,0.014312977099236734,0.0992366412213741,0.013358778625954248,0.03530534351145043,0.016221374045801595,0.07061068702290085,0.19751908396946571,0.03435114503816794,0.019083969465648942,0.022900763358778664,0.0,0.04770992366412219,0.020038167938931317,0.09160305343511455,0.016221374045801595,0.10591603053435117,0.013358778625954248,0.14885496183206115,0.013358778625954248,0.022900763358778664,0.018129770992366456,0.13222121407201282,0.30387337411743853,0.45928753180661586,0.3416348600508906,0.3198632315521629,0.33862913486005075,0.2176367684478372,0.2530216284987279,0.3372137404580151,0.24452926208651404,0.2935750636132315,0.2545324427480916,0.2133110687022901,0.18145674300254466,0.12659033078880422,0.10066793893129777,0.13470101781170485,0.08905852417302806,0.08158396946564894,0.13517811704834615,0.08969465648854968,0.04961832061068705,0.07108778625954204,0.05645674300254455,0.06806615776081426,0.04150763358778631,0.04484732824427484,0.01717557251908397,0.02576335877862601,0.029580152671755733,0.020038167938931317,0.019083969465648942,0.10114503816793896,0.19465648854961837,0.03721374045801529,0.27958015267175573,0.026717557251908386,0.18068192265887661,0.20706106870229013,0.5723847887982938,0.020906076799064754,0.019498610904960745,0.018566964066206948,0.08812525070928146,0.01680957603559774,0.06470136711664587,0.04444471444720732,0.028880086449170728,0.019957110619675866,0.02592161187165043,0.014312977099236734,0.08365139949109424,0.026717557251908386,0.1402671755725191,0.1727099236641222,0.17938931297709926,0.8740458015267176
0.07538167938931306,0.04961832061068705,0.0629770992366413,0.04484732824427484,0.06202290076335881,0.2614503816793894,0.05438931297709926,0.04103053435114512,0.12213740458015265,0.041984732824427495,0.05629770992366412,0.04293893129770998,0.09541984732824427,0.22232824427480924,0.0629770992366413,0.04770992366412219,0.05152671755725191,0.04770992366412219,0.0,0.048664122137404564,0.12022900763358779,0.04484732824427484,0.1307251908396947,0.04770992366412219,0.16793893129770998,0.041984732824427495,0.05343511450381688,0.04484732824427484,0.155394144071076,0.31307084919188966,0.4521355870592513,0.34497455470737914,0.3209764631043258,0.34530852417302793,0.23194974554707382,0.2666984732824428,0.33944020356234106,0.26914758269720096,0.2993002544529262,0.26471055979643776,0.22476145038167938,0.20149491094147598,0.14726463104325693,0.1197519083969466,0.16141857506361323,0.10432569974554717,0.1044847328244275,0.1580788804071248,0.11832061068702293,0.07251908396946571,0.09780534351145043,0.0793575063613231,0.09478371501272265,0.06631679389312983,0.07156488549618323,0.04580152671755733,0.05438931297709926,0.05629770992366412,0.050572519083969536,0.04580152671755733,0.13358778625954204,0.2137404580152672,0.06965648854961837,0.2910305343511451,0.055343511450381744,0.18608904734081055,0.2185114503816794,0.570690596992747,0.04953203099753811,0.0481245651034341,0.047192918264680195,0.11795054950687389,0.04581475957940406,0.09120456118545017,0.07440811637491829,0.057324088657421446,0.04896325166517945,0.05245578142775109,0.04293893129770998,0.11195928753180662,0.057251908396946605,0.1612595419847329,0.19942748091603058,0.20038167938931306,0.8473282442748091
0.04580152671755733,0.014312977099236734,0.029580152671755733,0.011450381679389388,0.038167938931297773,0.23377862595419852,0.043893129770992356,0.007633587786259555,0.09446564885496189,0.00667938931297718,0.026717557251908386,0.009541984732824416,0.06393129770992367,0.18893129770992367,0.027671755725190872,0.012404580152671763,0.016221374045801595,0.020038167938931317,0.048664122137404564,0.0,0.09064885496183206,0.009541984732824416,0.10114503816793896,0.012404580152671763,0.14980916030534353,0.00667938931297718,0.018129770992366456,0.011450381679389388,0.12581399139932037,0.30759715525527853,0.4567793529625591,0.342589058524173,0.31859096692111954,0.3405375318066157,0.21048027989821894,0.24920483460559795,0.34421119592875327,0.24433842239185743,0.28555979643765905,0.25357824427480924,0.20949427480916027,0.1754134860050891,0.12563613231552173,0.09589694656488557,0.13565521628498722,0.08142493638676851,0.07681297709923662,0.13422391857506377,0.08492366412213748,0.04103053435114512,0.06440839694656497,0.051685750636132344,0.06520356234096691,0.03482824427480924,0.040076335877862634,0.010496183206106902,0.019083969465648942,0.022900763358778664,0.01717557251908397,0.012404580152671763,0.10019083969465647,0.19561068702290074,0.03435114503816794,0.28435114503816794,0.020038167938931317,0.17606996337134495,0.2080152671755725,0.5740496406682871,0.014226687486087686,0.012819221591983676,0.01188757475322988,0.08526589899289005,0.010509416067953636,0.06614387463672888,0.04012999006942297,0.021873401910592505,0.014152844999093528,0.01924222255867325,0.007633587786259555,0.0814249363867684,0.021946564885496178,0.1412213740458016,0.18129770992366412,0.17461832061068705,0.8807251908396947
0.10591603053435117,0.0782442748091603,0.09541984732824427,0.08492366412213748,0.109732824427481,0.20229007633587792,0.11927480916030542,0.08492366412213748,0.16984732824427484,0.08396946564885499,0.10209923664122145,0.08492366412213748,0.13358778625954204,0.2242366412213741,0.09541984732824427,0.08778625954198482,0.09160305343511455,0.09160305343511455,0.12022900763358779,0.09064885496183206,0.0,0.08683206106870234,0.17843511450381677,0.08587786259541985,0.2194656488549619,0.08396946564885499,0.08969465648854968,0.0887404580152672,0.18052638539453836,0.34316582243633964,0.47980734278444204,0.3564249363867684,0.3462627226463104,0.3698632315521627,0.2524650127226463,0.28460559796437657,0.3780852417302799,0.28536895674300256,0.3310432569974555,0.29524491094147587,0.27437977099236643,0.22614503816793896,0.1895674300254454,0.16078244274809161,0.20149491094147587,0.1466284987277353,0.14837786259541985,0.1952926208651401,0.14217557251908397,0.11068702290076338,0.12833969465648853,0.11752544529262088,0.11259541984732824,0.10066793893129777,0.11164122137404586,0.08778625954198482,0.09637404580152675,0.09828244274809161,0.09446564885496189,0.08969465648854968,0.1564885496183206,0.23854961832061072,0.10400763358778631,0.29866412213740456,0.09541984732824427,0.2361844671881388,0.22996183206106868,0.575727597073828,0.09151676382196561,0.0901092979278616,0.08874770957793998,0.14931498121764897,0.08620063718478255,0.13042265415686294,0.10999577225060808,0.0987066345744797,0.08675100374944689,0.0946451444667753,0.08492366412213748,0.13994910941475835,0.0992366412213741,0.19751908396946571,0.22805343511450382,0.2290076335877863,0.8396946564885497
0.040076335877862634,0.010496183206106902,0.02576335877862601,0.007633587786259555,0.03435114503816794,0.22996183206106868,0.040076335877862634,0.003816793893129833,0.09064885496183206,0.002862595419847347,0.024809160305343525,0.005725190839694694,0.06011450381679395,0.18511450381679395,0.02385496183206115,0.00858778625954204,0.012404580152671763,0.016221374045801595,0.04484732824427484,0.009541984732824416,0.08683206106870234,0.0,0.0992366412213741,0.00858778625954204,0.1459923664122138,0.002862595419847347,0.014312977099236734,0.007633587786259555,0.12141773879696083,0.3058880260093554,0.45849691021446737,0.342589058524173,0.3166825699745546,0.33481234096692103,0.21000318066157764,0.2463422391857506,0.34007633587786246,0.24243002544529257,0.2874681933842239,0.25166984732824427,0.21044847328244276,0.17668575063613245,0.12372773536895687,0.0939885496183206,0.13565521628498722,0.07856234096692116,0.06917938931297718,0.13040712468193394,0.07919847328244278,0.03912213740458015,0.06059160305343514,0.04786895674300251,0.06138676844783708,0.031011450381679406,0.03625954198473291,0.00667938931297718,0.01526717557251911,0.019083969465648942,0.013358778625954248,0.00858778625954204,0.09828244274809161,0.19179389312977102,0.03053435114503822,0.2805343511450382,0.016221374045801595,0.17750126108126862,0.20610687022900764,0.572103376954014,0.009120035507727331,0.009002427698853954,0.008070780860100046,0.0807947460902414,0.0049958262616002225,0.0635756265322811,0.03631319617629325,0.018383903243063715,0.010336051105963806,0.015425428665543417,0.003816793893129833,0.07760814249363868,0.018129770992366456,0.13931297709923662,0.17557251908396954,0.1727099236641222,0.8845419847328244
0.13167938931297718,0.10400763358778631,0.11736641221374045,0.10114503816793896,0.11641221374045807,0.3177480916030535,0.1297709923664122,0.09732824427480924,0.16507633587786263,0.09637404580152675,0.11450381679389321,0.0992366412213741,0.1459923664122138,0.2748091603053435,0.11164122137404586,0.10209923664122145,0.10400763358778631,0.10591603053435117,0.1307251908396947,0.10114503816793896,0.17843511450381677,0.0992366412213741,0.0,0.10209923664122145,0.22232824427480924,0.09637404580152675,0.10782442748091603,0.09732824427480924,0.18214326819450066,0.31215731291312654,0.45022264631043263,0.37980279898218827,0.3551685750636133,0.3607347328244275,0.26630089058524176,0.3094147582697201,0.37099236641221367,0.28123409669211197,0.325795165394402,0.3036736641221375,0.2522741730279898,0.23584605597964392,0.19243002544529275,0.16937022900763365,0.20817430025445294,0.1606234096692113,0.15887404580152675,0.19179389312977102,0.1669847328244275,0.12690839694656497,0.14837786259541985,0.13565521628498722,0.15108142493638677,0.12070610687022909,0.12213740458015265,0.10019083969465647,0.10877862595419852,0.10877862595419852,0.10687022900763365,0.10019083969465647,0.1669847328244275,0.23377862595419852,0.11832061068702293,0.2805343511450382,0.10019083969465647,0.2201563214761233,0.24427480916030542,0.5313310972582265,0.1020129470280724,0.10196335879523366,0.10158223124177945,0.1658426850193725,0.09919097796730203,0.142473854635775,0.11953357140604814,0.10778051370293085,0.10384750148764321,0.10474503455774609,0.09732824427480924,0.1539440203562341,0.10400763358778631,0.2080152671755725,0.24809160305343514,0.22805343511450382,0.7986641221374046
